0.000000 1.496714
0.252525 1.491711
0.505051 2.899715
0.757576 4.381762
1.010101 3.209491
1.262626 3.767561
1.515152 6.108742
1.767677 5.793129
2.020202 5.021282
2.272727 6.469813
2.525253 5.876114
2.777778 6.267747
3.030303 7.358098
3.282828 5.581993
3.535354 6.153957
3.787879 7.712357
4.040404 7.676683
4.292929 9.443451
4.545455 8.689836
4.797980 8.685486
5.050505 12.094968
5.303030 10.964992
5.555556 11.846089
5.808081 10.962698
6.060606 12.466456
6.313131 13.752156
6.565657 13.119684
6.818182 15.266981
7.070707 14.895079
7.323232 15.785985
7.575758 16.030581
7.828283 19.008679
8.080808 17.635311
8.333333 17.052603
8.585859 19.366223
8.838384 17.732605
9.090909 19.554532
9.343434 17.767826
9.595960 18.778560
9.848485 20.688260
10.101010 21.627557
10.353535 21.478001
10.606061 21.633926
10.858586 21.920752
11.111111 21.247034
11.363636 22.540915
11.616162 23.364916
11.868687 25.473274
12.121212 25.370742
12.373737 23.888713
12.626263 26.606537
12.878788 26.526173
13.131313 26.853388
13.383838 28.744061
13.636364 29.742325
13.888889 30.193726
14.141414 28.943606
14.393939 29.962274
14.646465 31.060736
14.898990 32.135314
15.151515 31.087943
15.404040 31.772055
15.656566 31.232484
15.909091 31.522088
16.161616 33.916632
16.414141 34.860058
16.666667 33.852100
16.919192 35.373892
17.171717 35.207932
17.424242 34.708647
17.676768 36.254014
17.929293 37.998742
18.181818 37.018205
18.434343 39.231638
18.686869 35.673007
18.939394 39.745549
19.191919 39.638743
19.444444 39.870090
19.696970 40.860486
19.949495 39.357011
20.202020 41.672499
20.454545 42.765911
20.707071 44.371624
20.959596 42.829970
21.212121 42.967043
21.464646 43.678792
21.717172 45.485027
21.969697 45.278870
22.222222 44.800173
22.474747 46.230278
22.727273 46.215913
22.979798 47.510599
23.232323 46.289511
23.484848 47.143520
23.737374 47.590313
23.989899 47.061375
24.242424 49.392333
24.494949 49.953243
24.747475 50.312160
25.000000 50.699237
